0.0 15.231546211727817 18.0 22.360679774997898 25.0 20.615528128088304 11.180339887498949 21.213203435596427 26.248809496813376 32.01562118716424 25.495097567963924 33.54101966249684 15.0 11.180339887498949 32.01562118716424 30.4138126514911 29.154759474226502 30.4138126514911 15.811388300841896 32.01562118716424 31.622776601683793 18.027756377319946 26.92582403567252 36.05551275463989 30.0 33.54101966249684 11.180339887498949 5.0 6.324555320336759 29.832867780352597 25.495097567963924
15.231546211727817 0.0 32.55764119219941 14.560219778561036 32.202484376209235 32.202484376209235 24.839484696748443 21.02379604162864 31.575306807693888 17.804493814764857 15.556349186104045 26.40075756488817 16.64331697709324 26.40075756488817 46.87216658103186 45.35416188179427 42.44997055358225 40.70626487409524 22.847319317591726 28.231188426986208 16.492422502470642 29.274562336608895 39.20459156782532 46.17358552246078 27.784887978899608 37.64306044943742 19.4164878389476 10.816653826391969 12.0 24.041630560342615 11.045361017187261
18.0 32.55764119219941 0.0 34.40930106817051 20.223748416156685 23.853720883753127 16.401219466856727 36.24913792078372 36.069377593742864 47.4236228055175 43.289721643826724 50.28916384272063 23.430749027719962 9.433981132056603 21.18962010041709 13.0 25.179356624028344 32.69556544854363 27.459060435491963 47.4236228055175 49.03060268852505 10.44030650891055 12.206555615733702 23.323807579381203 34.9857113690718 30.14962686336267 16.401219466856727 23.0 20.8806130178211 38.28837943815329 43.289721643826724
22.360679774997898 14.560219778561036 34.40930106817051 0.0 25.0 42.720018726587654 33.54101966249684 35.35533905932738 45.044422518220834 15.0 29.154759474226502 40.311288741492746 11.180339887498949 32.01562118716424 53.150729063673246 47.16990566028302 51.478150704935004 52.20153254455275 35.35533905932738 42.720018726587654 22.360679774997898 26.92582403567252 36.40054944640259 40.0 14.142135623730951 26.92582403567252 18.027756377319946 20.615528128088304 16.1245154965971 9.486832980505138 21.213203435596427
25.0 32.202484376209235 20.223748416156685 25.0 0.0 41.23105625617661 31.622776601683793 46.09772228646444 50.53711507397311 40.0 47.16990566028302 57.0087712549569 15.811388300841896 25.495097567963924 41.23105625617661 29.154759474226502 45.0 50.99019513592785 40.311288741492746 56.568542494923804 46.09772228646444 10.0 14.142135623730951 15.0 18.027756377319946 10.0 14.142135623730951 28.284271247461902 22.02271554554524 23.769728648009426 42.720018726587654
20.615528128088304 32.202484376209235 23.853720883753127 42.720018726587654 41.23105625617661 0.0 10.0 20.615528128088304 13.92838827718412 50.0 33.54101966249684 35.35533905932738 35.35533905932738 15.811388300841896 20.0 29.154759474226502 11.180339887498949 10.0 11.180339887498949 30.0 46.09772228646444 31.622776601683793 36.05551275463989 47.16990566028302 50.24937810560445 50.99019513592785 30.0 22.360679774997898 26.92582403567252 50.44799302251776 39.05124837953327
11.180339887498949 24.839484696748443 16.401219466856727 33.54101966249684 31.622776601683793 10.0 0.0 20.615528128088304 19.849433241279208 42.42640687119285 30.4138126514911 35.35533905932738 25.495097567963924 7.0710678118654755 22.360679774997898 25.495097567963924 18.027756377319946 20.0 11.180339887498949 31.622776601683793 40.311288741492746 22.360679774997898 28.284271247461902 39.05124837953327 40.311288741492746 41.23105625617661 20.0 14.142135623730951 17.46424919657298 40.80441152620633 33.54101966249684
21.213203435596427 21.02379604162864 36.24913792078372 35.35533905932738 46.09772228646444 20.615528128088304 20.615528128088304 0.0 12.206555615733702 36.40054944640259 14.142135623730951 15.0 33.54101966249684 26.92582403567252 40.311288741492746 46.09772228646444 31.622776601683793 25.0 10.0 11.180339887498949 29.154759474226502 39.05124837953327 47.16990566028302 57.0087712549569 47.43416490252569 54.08326913195984 32.01562118716424 18.027756377319946 24.698178070456937 44.721359549995796 22.360679774997898
26.248809496813376 31.575306807693888 36.069377593742864 45.044422518220834 50.53711507397311 13.92838827718412 19.849433241279208 12.206555615733702 0.0 48.104053883222775 26.248809496813376 24.166091947189145 40.792156108742276 26.90724809414742 33.37663853655727 42.941821107167776 23.0 13.92838827718412 10.44030650891055 17.72004514666935 41.340053217188775 41.88078318274385 48.104053883222775 58.89821729050889 55.57877292636101 59.61543424315552 37.33630940518894 25.179356624028344 31.575306807693888 54.00925846556311 34.48187929913333
32.01562118716424 17.804493814764857 47.4236228055175 15.0 40.0 50.0 42.42640687119285 36.40054944640259 48.104053883222775 0.0 25.0 35.35533905932738 25.495097567963924 43.01162633521314 64.03124237432849 60.41522986797286 60.207972893961475 58.309518948453004 40.311288741492746 40.0 11.180339887498949 41.23105625617661 50.99019513592785 55.0 26.92582403567252 41.23105625617661 31.622776601683793 28.284271247461902 26.92582403567252 20.12461179749811 15.0
25.495097567963924 15.556349186104045 43.289721643826724 29.154759474226502 47.16990566028302 33.54101966249684 30.4138126514911 14.142135623730951 26.248809496813376 25.0 0.0 11.180339887498949 32.01562118716424 35.0 52.20153254455275 55.0 44.721359549995796 39.05124837953327 22.360679774997898 15.0 15.811388300841896 42.720018726587654 52.20153254455275 60.41522986797286 43.01162633521314 53.150729063673246 33.54101966249684 20.615528128088304 25.495097567963924 38.47076812334269 10.0
33.54101966249684 26.40075756488817 50.28916384272063 40.311288741492746 57.0087712549569 35.35533905932738 35.35533905932738 15.0 24.166091947189145 35.35533905932738 11.180339887498949 0.0 42.42640687119285 41.23105625617661 55.226805085936306 60.8276253029822 46.09772228646444 38.07886552931954 25.0 7.0710678118654755 25.0 51.478150704935004 60.41522986797286 69.46221994724903 54.08326913195984 63.63961030678928 43.01162633521314 29.154759474226502 35.0 49.64876634922564 20.615528128088304
15.0 16.64331697709324 23.430749027719962 11.180339887498949 15.811388300841896 35.35533905932738 25.495097567963924 33.54101966249684 40.792156108742276 25.495097567963924 32.01562118716424 42.42640687119285 0.0 22.360679774997898 43.01162633521314 36.05551275463989 42.720018726587654 45.27692569068709 30.4138126514911 43.01162633521314 30.4138126514911 15.811388300841896 25.495097567963924 30.4138126514911 15.0 21.213203435596427 7.0710678118654755 15.811388300841896 9.219544457292887 15.652475842498529 26.92582403567252
11.180339887498949 26.40075756488817 9.433981132056603 32.01562118716424 25.495097567963924 15.811388300841896 7.0710678118654755 26.92582403567252 26.90724809414742 43.01162633521314 35.0 41.23105625617661 22.360679774997898 0.0 21.213203435596427 20.0 20.615528128088304 25.495097567963924 18.027756377319946 38.07886552931954 42.720018726587654 15.811388300841896 21.213203435596427 32.01562118716424 36.40054944640259 35.35533905932738 15.811388300841896 15.811388300841896 16.278820596099706 38.01315561749642 36.40054944640259
32.01562118716424 46.87216658103186 21.18962010041709 53.150729063673246 41.23105625617661 20.0 22.360679774997898 40.311288741492746 33.37663853655727 64.03124237432849 52.20153254455275 55.226805085936306 43.01162633521314 21.213203435596427 0.0 15.811388300841896 11.180339887498949 22.360679774997898 30.4138126514911 50.0 62.64982043070834 31.622776601683793 30.0 40.311288741492746 55.90169943749474 50.99019513592785 36.05551275463989 36.05551275463989 37.48332962798263 58.52349955359813 55.90169943749474
30.4138126514911 45.35416188179427 13.0 47.16990566028302 29.154759474226502 29.154759474226502 25.495097567963924 46.09772228646444 42.941821107167776 60.41522986797286 55.0 60.8276253029822 36.05551275463989 20.0 15.811388300841896 0.0 25.0 35.35533905932738 36.40054944640259 57.0087712549569 61.84658438426491 21.213203435596427 15.811388300841896 25.0 46.09772228646444 38.07886552931954 29.154759474226502 35.35533905932738 33.83784863137726 50.24937810560445 55.90169943749474
29.154759474226502 42.44997055358225 25.179356624028344 51.478150704935004 45.0 11.180339887498949 18.027756377319946 31.622776601683793 23.0 60.207972893961475 44.721359549995796 46.09772228646444 42.720018726587654 20.615528128088304 11.180339887498949 25.0 0.0 11.180339887498949 22.360679774997898 40.311288741492746 57.0087712549569 35.0 36.40054944640259 47.43416490252569 57.0087712549569 55.0 36.40054944640259 32.01562118716424 35.35533905932738 58.309518948453004 50.0
30.4138126514911 40.70626487409524 32.69556544854363 52.20153254455275 50.99019513592785 10.0 20.0 25.0 13.92838827718412 58.309518948453004 39.05124837953327 38.07886552931954 45.27692569068709 25.495097567963924 22.360679774997898 35.35533905932738 11.180339887498949 0.0 18.027756377319946 31.622776601683793 53.150729063673246 41.23105625617661 44.721359549995796 55.90169943749474 60.207972893961475 60.8276253029822 40.0 31.622776601683793 36.6742416417845 60.207972893961475 46.09772228646444
15.811388300841896 22.847319317591726 27.459060435491963 35.35533905932738 40.311288741492746 11.180339887498949 11.180339887498949 10.0 10.44030650891055 40.311288741492746 22.360679774997898 25.0 30.4138126514911 18.027756377319946 30.4138126514911 36.40054944640259 22.360679774997898 18.027756377319946 0.0 20.615528128088304 35.35533905932738 32.01562118716424 39.05124837953327 49.49747468305833 45.27692569068709 49.24428900898052 26.92582403567252 15.0 21.213203435596427 44.04543109109048 28.284271247461902
32.01562118716424 28.231188426986208 47.4236228055175 42.720018726587654 56.568542494923804 30.0 31.622776601683793 11.180339887498949 17.72004514666935 40.0 15.0 7.0710678118654755 43.01162633521314 38.07886552931954 50.0 57.0087712549569 40.311288741492746 31.622776601683793 20.615528128088304 0.0 30.4138126514911 50.0 58.309518948453004 68.00735254367721 55.90169943749474 64.03124237432849 42.42640687119285 28.284271247461902 34.713109915419565 52.20153254455275 25.0
31.622776601683793 16.492422502470642 49.03060268852505 22.360679774997898 46.09772228646444 46.09772228646444 40.311288741492746 29.154759474226502 41.340053217188775 11.180339887498949 15.811388300841896 25.0 30.4138126514911 42.720018726587654 62.64982043070834 61.84658438426491 57.0087712549569 53.150729063673246 35.35533905932738 30.4138126514911 0.0 45.0 55.0 60.8276253029822 36.05551275463989 49.24428900898052 35.0 26.92582403567252 28.284271247461902 29.832867780352597 7.0710678118654755
18.027756377319946 29.274562336608895 10.44030650891055 26.92582403567252 10.0 31.622776601683793 22.360679774997898 39.05124837953327 41.88078318274385 41.23105625617661 42.720018726587654 51.478150704935004 15.811388300841896 15.811388300841896 31.622776601683793 21.213203435596427 35.0 41.23105625617661 32.01562118716424 50.0 45.0 0.0 10.0 18.027756377319946 25.0 20.0 10.0 22.360679774997898 17.46424919657298 29.068883707497267 40.311288741492746
26.92582403567252 39.20459156782532 12.206555615733702 36.40054944640259 14.142135623730951 36.05551275463989 28.284271247461902 47.16990566028302 48.104053883222775 50.99019513592785 52.20153254455275 60.41522986797286 25.495097567963924 21.213203435596427 30.0 15.811388300841896 36.40054944640259 44.721359549995796 39.05124837953327 58.309518948453004 55.0 10.0 0.0 11.180339887498949 32.01562118716424 22.360679774997898 20.0 31.622776601683793 27.294688127912362 37.21558813185679 50.24937810560445
36.05551275463989 46.17358552246078 23.323807579381203 40.0 15.0 47.16990566028302 39.05124837953327 57.0087712549569 58.89821729050889 55.0 60.41522986797286 69.46221994724903 30.4138126514911 32.01562118716424 40.311288741492746 25.0 47.43416490252569 55.90169943749474 49.49747468305833 68.00735254367721 60.8276253029822 18.027756377319946 11.180339887498949 0.0 31.622776601683793 18.027756377319946 26.92582403567252 40.311288741492746 34.92849839314596 38.07886552931954 57.0087712549569
30.0 27.784887978899608 34.9857113690718 14.142135623730951 18.027756377319946 50.24937810560445 40.311288741492746 47.43416490252569 55.57877292636101 26.92582403567252 43.01162633521314 54.08326913195984 15.0 36.40054944640259 55.90169943749474 46.09772228646444 57.0087712549569 60.207972893961475 45.27692569068709 55.90169943749474 36.05551275463989 25.0 32.01562118716424 31.622776601683793 0.0 15.0 20.615528128088304 30.4138126514911 24.08318915758459 7.0710678118654755 35.35533905932738
33.54101966249684 37.64306044943742 30.14962686336267 26.92582403567252 10.0 50.99019513592785 41.23105625617661 54.08326913195984 59.61543424315552 41.23105625617661 53.150729063673246 63.63961030678928 21.213203435596427 35.35533905932738 50.99019513592785 38.07886552931954 55.0 60.8276253029822 49.24428900898052 64.03124237432849 49.24428900898052 20.0 22.360679774997898 18.027756377319946 15.0 0.0 22.360679774997898 36.05551275463989 29.410882339705484 22.02271554554524 47.16990566028302
11.180339887498949 19.4164878389476 16.401219466856727 18.027756377319946 14.142135623730951 30.0 20.0 32.01562118716424 37.33630940518894 31.622776601683793 33.54101966249684 43.01162633521314 7.0710678118654755 15.811388300841896 36.05551275463989 29.154759474226502 36.40054944640259 40.0 26.92582403567252 42.42640687119285 35.0 10.0 20.0 26.92582403567252 20.615528128088304 22.360679774997898 0.0 14.142135623730951 8.06225774829855 22.47220505424423 30.4138126514911
5.0 10.816653826391969 23.0 20.615528128088304 28.284271247461902 22.360679774997898 14.142135623730951 18.027756377319946 25.179356624028344 28.284271247461902 20.615528128088304 29.154759474226502 15.811388300841896 15.811388300841896 36.05551275463989 35.35533905932738 32.01562118716424 31.622776601683793 15.0 28.284271247461902 26.92582403567252 22.360679774997898 31.622776601683793 40.311288741492746 30.4138126514911 36.05551275463989 14.142135623730951 0.0 6.708203932499369 29.068883707497267 20.615528128088304
6.324555320336759 12.0 20.8806130178211 16.1245154965971 22.02271554554524 26.92582403567252 17.46424919657298 24.698178070456937 31.575306807693888 26.92582403567252 25.495097567963924 35.0 9.219544457292887 16.278820596099706 37.48332962798263 33.83784863137726 35.35533905932738 36.6742416417845 21.213203435596427 34.713109915419565 28.284271247461902 17.46424919657298 27.294688127912362 34.92849839314596 24.08318915758459 29.410882339705484 8.06225774829855 6.708203932499369 0.0 23.53720459187964 23.021728866442675
29.832867780352597 24.041630560342615 38.28837943815329 9.486832980505138 23.769728648009426 50.44799302251776 40.80441152620633 44.721359549995796 54.00925846556311 20.12461179749811 38.47076812334269 49.64876634922564 15.652475842498529 38.01315561749642 58.52349955359813 50.24937810560445 58.309518948453004 60.207972893961475 44.04543109109048 52.20153254455275 29.832867780352597 29.068883707497267 37.21558813185679 38.07886552931954 7.0710678118654755 22.02271554554524 22.47220505424423 29.068883707497267 23.53720459187964 0.0 30.0
25.495097567963924 11.045361017187261 43.289721643826724 21.213203435596427 42.720018726587654 39.05124837953327 33.54101966249684 22.360679774997898 34.48187929913333 15.0 10.0 20.615528128088304 26.92582403567252 36.40054944640259 55.90169943749474 55.90169943749474 50.0 46.09772228646444 28.284271247461902 25.0 7.0710678118654755 40.311288741492746 50.24937810560445 57.0087712549569 35.35533905932738 47.16990566028302 30.4138126514911 20.615528128088304 23.021728866442675 30.0 0.0
